167.63 -44.75 15 3.03 -0.12 -2.91 -0.95 -6.94 -2.40 25 X Y 050476A 6.6
174.29 -41.76 26 -8.15 5.14 3.01 6.27 9.27 8.17 24 X Y 011877A 6.1
171.48 -43.33 10 1.78 -2.14 0.36 -0.56 -5.65 -3.59 23 X Y 051177A 5.2
171.54 -42.46 59 1.40 1.42 -2.82 -1.96 -1.14 -3.42 23 X Y 032479A 5.0
174.71 -39.94 131 -4.83 1.67 3.15 0.96 -3.89 -1.80 23 X Y 061779A 5.1
165.77 -46.54 20 3.64 0.40 -4.04 4.75 -7.88 0.07 26 X Y 101279A 7.3
166.68 -45.17 101 5.23 -1.39 -3.84 -1.73 1.80 -3.55 23 X Y 012880A 5.2
175.27 -40.18 45 0.01 0.30 -0.31 1.31 1.24 -0.38 24 X Y 062380B 5.4
176.66 -40.45 15 0.13 0.34 -0.47 0.67 1.36 -0.14 24 X Y 070380A 5.4
176.49 -39.73 21 -2.60 0.23 2.37 0.68 -1.08 1.91 24 X Y 100580A 5.7
177.78 -38.28 33 -2.91 0.78 2.13 -2.53 -4.99 3.46 23 X Y 112480B 5.2
178.19 -38.05 15 -0.45 0.08 0.37 -1.71 -1.46 0.61 24 X Y 112580A 5.6
164.39 -48.94 33 -0.42 2.68 -2.26 -0.00 -0.32 1.14 27 X Y 052581A 7.6
164.11 -49.01 15 2.57 1.16 -3.73 2.43 -0.81 1.66 24 X Y 053081A 5.7
175.66 -40.63 15 0.28 -0.22 -0.06 0.73 1.42 -0.27 24 X Y 122781D 5.4
175.48 -41.15 15 -8.38 6.03 2.35 4.87 5.18 7.42 23 X Y 020582A 5.4
177.68 -39.55 26 -0.86 0.40 0.46 0.38 1.13 1.05 24 X Y 090282A 5.5
173.68 -40.41 94 -0.54 3.16 -2.62 3.60 5.63 0.17 23 X Y 010384A 5.2
177.32 -38.10 78 0.70 -1.02 0.32 0.35 0.98 0.24 25 X Y 030884A 6.1
170.66 -43.95 10 -0.34 0.50 -0.17 -0.39 -1.10 -1.31 25 X Y 062484B 6.1
164.64 -46.49 10 1.50 1.42 -2.92 -0.53 -2.06 -1.03 25 X Y 013185B 6.2
177.01 -38.88 40 -3.98 -0.16 4.15 6.26 8.74 3.50 24 X Y 071985A 6.0
176.29 -38.45 33 -2.25 1.17 1.08 4.33 6.00 0.70 23 X Y 110185A 5.2
166.09 -46.06 15 1.24 -0.15 -1.09 1.51 -1.90 0.61 24 X Y 071186B 5.6
178.68 -41.11 34 -3.07 0.35 2.72 1.77 1.96 3.33 23 X Y 070387E 5.1
178.85 -38.85 16 -1.08 -0.24 1.32 -0.13 0.79 1.16 24 X Y 041288A 5.5
169.23 -43.91 15 2.96 -0.56 -2.40 -4.98 -3.97 -5.98 23 X Y 051588B 5.2
175.82 -38.13 169 5.16 -0.31 -4.85 2.64 0.25 -1.44 23 X Y 051888D 5.2
167.05 -44.82 62 0.10 -0.18 0.08 -1.06 0.40 -0.47 26 X Y 060388B 6.7
167.64 -45.25 122 0.87 -0.59 -0.28 -1.80 0.61 1.04 24 X Y 071988B 5.5
166.59 -45.20 18 1.58 2.02 -3.60 2.76 -3.30 -0.47 25 X Y 053189A 6.5
174.09 -40.54 114 2.87 -1.57 -1.30 0.69 0.17 -0.80 24 X Y 080889A 5.6
172.78 -42.41 15 0.18 6.94 -7.12 0.69 -6.60 -5.23 24 X Y 021090A 6.0
172.74 -42.19 15 -1.01 3.22 -2.21 0.92 -2.07 -1.89 24 X Y 021090B 5.7
176.09 -40.76 32 -1.28 0.95 0.33 0.92 1.73 1.44 25 X Y 021990A 6.3
164.59 -47.56 15 -0.46 1.52 -1.06 0.00 0.00 0.97 24 X Y 031290A 5.5
164.62 -47.64 15 -0.52 1.74 -1.22 0.00 0.00 1.05 24 X Y 031390E 5.5
164.53 -47.96 15 -1.06 2.70 -1.64 0.00 0.00 -0.77 24 X Y 032490A 5.6
176.53 -40.23 16 1.89 1.29 -3.18 -1.61 3.30 -0.54 25 X Y 051390A 6.4
176.28 -40.56 32 -5.26 4.71 0.55 1.58 1.71 3.07 23 X Y 081590B 5.2
175.62 -41.84 15 1.18 0.00 -1.18 1.39 1.48 -1.08 24 X Y 100490A 5.5
175.35 -41.56 20 0.93 -0.24 -0.69 -0.09 1.06 -0.99 24 X Y 100690A 5.4
171.70 -41.76 15 3.03 -0.94 -2.09 0.65 -2.20 -2.56 24 X Y 012891C 5.7
171.86 -42.03 15 5.05 -0.28 -4.77 0.27 3.51 -3.74 24 X Y 012891D 5.8
171.43 -41.90 15 0.95 0.11 -1.06 0.24 0.37 -1.35 24 X Y 021591A 5.3
175.91 -39.25 49 2.55 5.00 -7.55 7.64 2.10 2.18 23 X Y 071291A 5.4
174.94 -40.69 70 1.62 -2.14 0.51 2.04 -0.33 -0.67 24 X Y 090891C 5.6
167.91 -44.18 15 3.61 -2.39 -1.22 7.80 -2.01 -6.31 23 X Y 112991C 5.3
176.29 -40.65 30 -0.72 0.50 0.22 1.27 1.62 1.05 24 X Y 030292C 5.6
171.61 -43.01 15 0.65 -0.14 -0.50 -0.81 -1.54 -1.00 24 X Y 033092C 5.5
178.53 -38.19 22 3.02 -0.80 -2.22 2.64 2.18 -2.42 24 X Y 051692D 5.7
173.71 -41.65 75 0.62 6.58 -7.20 2.34 -1.33 4.38 24 X Y 052792I 5.9
164.38 -49.20 42 2.74 1.51 -4.25 2.48 -0.43 1.47 23 X Y 061392E 5.1
176.83 -39.68 22 1.79 0.08 -1.88 1.41 3.63 -1.28 24 X Y 041193C 5.7
166.73 -45.04 15 2.23 -0.15 -2.08 0.21 -2.21 -1.15 26 X Y 081093A 7.0
178.06 -38.46 15 0.09 -0.11 0.02 2.88 1.51 3.28 25 X Y 081093D 6.4
166.93 -44.34 15 1.80 1.08 -2.87 0.86 -1.09 -1.15 24 X Y 081193B 5.6
166.61 -45.35 15 -0.78 1.15 -0.38 0.00 0.00 -6.94 23 X Y 081193G 5.2
164.19 -49.16 26 0.76 0.61 -1.37 0.92 -0.15 0.25 25 X Y 010394C 6.1
171.47 -42.94 15 0.71 0.27 -0.98 0.39 -0.26 -1.09 26 X Y 061894B 6.7
171.54 -43.24 15 1.05 1.51 -2.55 1.97 0.50 -6.92 24 X Y 061994D 5.9
171.81 -43.38 15 0.47 0.37 -0.85 0.87 0.28 -1.02 24 X Y 062194A 5.4
174.17 -40.89 90 1.49 -3.35 1.86 -2.06 4.38 -3.23 24 X Y 032295E 5.9
171.80 -43.47 15 -0.20 1.93 -1.73 0.88 -0.47 -0.64 24 X Y 052995E 5.6
174.22 -39.46 216 1.92 0.25 -2.16 4.22 -2.89 1.18 24 X Y 091995F 5.8
171.76 -42.88 15 0.47 0.61 -1.08 0.80 0.15 -1.32 25 X Y 112495A 6.1
177.63 -38.26 33 2.39 -1.91 -0.48 -1.55 1.96 0.04 23 X Y 062796A 5.0
172.90 -42.41 31 -2.32 8.41 -6.09 -0.87 -3.36 -1.67 23 X Y 082996A 5.3
174.86 -38.76 216 2.62 6.83 -9.45 6.00 -7.36 -4.12 23 X Y 092596D 5.4
165.96 -47.43 33 -5.25 4.90 0.35 -1.17 -3.63 -4.40 23 X Y 052697A 5.2
173.34 -41.19 79 1.83 4.28 -6.11 1.40 5.19 2.04 23 X Y 112997E 5.2
165.14 -47.48 15 3.75 0.44 -4.20 -1.80 -5.79 -0.77 24 X Y 012698E 5.9
169.62 -43.80 15 -1.99 5.72 -3.73 2.54 -7.32 -9.80 23 X Y 102098B 5.4
173.40 -41.28 60 -3.19 0.73 2.47 3.95 5.85 -0.12 23 X Y 010399A 5.2
175.29 -38.47 276 -3.98 2.04 1.94 2.19 -0.99 -1.71 24 X Y 051899E 5.7
175.78 -38.49 158 5.84 3.24 -9.09 9.52 -0.92 -2.24 24 X Y 102599F 6.1
164.01 -49.13 15 1.01 0.82 -1.83 1.67 0.01 0.34 24 X Y 030700B 5.6
175.47 -40.93 46 -3.26 1.67 1.59 4.68 5.72 2.61 23 X Y 032900C 5.3
176.09 -38.88 68 0.77 4.05 -4.82 8.24 -3.35 0.30 23 X Y 080800B 5.3
166.70 -45.02 20 1.10 0.40 -1.49 0.43 -0.79 -0.33 25 X Y 110100B 6.1
167.23 -45.01 15 7.76 -2.62 -5.14 -3.95 -9.48 -4.65 23 X Y 111200C 5.4
178.90 -38.03 46 -6.23 -0.57 6.80 4.03 6.48 3.83 23 X Y 123100D 5.3
175.40 -38.41 248 0.50 0.78 -1.28 0.78 -0.55 -0.72 24 X Y 052401E 5.5
176.33 -40.08 27 0.88 -0.76 -0.12 6.31 9.80 0.62 23 X Y 092401A 5.4
176.76 -39.70 17 0.49 0.14 -0.63 0.78 2.10 -0.34 24 X Y 101501B 5.5
168.55 -44.13 15 4.23 0.11 -4.34 0.05 -2.43 -2.50 24 X Y 120701H 5.8
168.42 -44.10 15 0.14 0.93 -1.07 -0.09 -1.16 -0.75 24 X Y 022402C 5.4
179.01 -40.13 24 -2.71 -0.19 2.89 -0.24 3.79 2.30 23 X Y 062502C 5.1
176.13 -40.44 38 -4.96 1.74 3.22 0.84 -2.12 6.03 23 X Y 012503B 5.3
176.07 -40.60 55 -4.87 2.92 1.95 -1.95 -3.13 2.41 23 X Y 080303D 5.2
166.87 -45.01 32 4.99 -1.07 -3.92 -2.49 -4.64 -2.80 26 X Y 082103D 7.2
166.46 -45.37 18 1.47 -0.09 -1.38 -0.04 -0.67 -0.81 24 X Y 082603F 5.4
166.68 -45.14 27 1.40 -0.39 -1.01 0.78 1.11 -0.90 24 X Y 090403E 5.5
166.59 -44.90 40 -0.22 2.92 -2.70 -0.48 -0.28 -0.90 23 X Y 091103A 5.0
164.26 -49.02 33 2.61 2.27 -4.87 1.35 -1.14 0.82 23 X Y 091603A 5.0
166.73 -45.60 15 -1.61 2.45 -0.84 -1.65 0.06 0.47 24 X Y 093003L 5.6
166.60 -45.06 15 3.00 -0.49 -2.51 -0.53 -3.10 -1.50 25 X Y 110203C 6.4
166.15 -44.73 15 6.31 -0.50 -5.81 0.32 -0.96 -3.68 23 X Y 110203F 5.2
164.91 -46.36 40 5.07 -1.58 -3.49 -0.42 -1.83 -2.71 26 X Y 112204C 7.1
176.02 -41.42 19 3.74 -0.12 -3.62 -1.41 5.31 -1.33 23 X Y 200501180836A 5.2
176.14 -41.56 27 3.44 -0.60 -2.84 -0.21 2.40 -0.55 23 X Y 200501180926A 5.1
175.16 -41.21 31 -0.86 0.69 0.17 -0.28 0.14 0.46 24 X Y 200501201856A 5.3
175.79 -41.56 18 1.22 -1.10 -0.12 -0.22 3.61 -2.64 23 X Y 200501311731A 5.1
173.66 -40.17 153 -0.44 0.73 -0.29 0.82 -0.97 -0.20 24 X Y 200503131508A 5.4
166.62 -45.10 12 5.58 -1.94 -3.64 -3.44 -1.87 -4.01 23 X Y 200503140804A 5.2
169.97 -44.39 12 0.25 0.21 -0.46 -0.37 1.99 -1.79 23 X Y 200504020207A 4.9
168.81 -43.88 12 0.65 0.61 -1.27 0.76 -0.53 -0.68 24 X Y 200505021535A 5.4
168.75 -43.93 12 0.86 2.33 -3.19 0.38 -1.76 -1.78 23 X Y 200505021540A 5.0
179.67 -38.24 12 2.73 0.29 -3.02 2.29 4.77 -1.03 23 X Y 200505131707A 5.1
164.33 -49.13 24 0.58 0.62 -1.20 0.86 -0.07 0.30 24 X Y 200511061328A 5.4
173.42 -40.56 185 -2.18 -2.05 4.23 -0.73 -0.73 1.03 23 X Y 200602151215A 5.1
165.69 -46.97 41 3.07 -2.54 -0.53 -3.07 -3.34 0.25 23 X Y 200604150714A 5.2
172.52 -41.61 93 -3.21 3.87 -0.67 3.79 -0.80 7.14 23 X Y 200608130429A 5.3
176.68 -38.13 93 1.02 -1.13 0.11 1.97 0.59 3.05 23 X Y 200611281854A 5.0
178.50 -39.47 12 -0.76 3.45 -2.68 -1.05 1.55 -2.03 23 X Y 200709261054A 5.1
164.10 -49.26 13 1.33 -0.02 -1.32 0.49 -0.72 -0.26 27 X Y 200709300523A 7.5
164.01 -49.36 31 0.56 0.37 -0.93 0.55 -0.11 0.23 26 X Y 200709300947A 6.6
164.74 -47.91 17 0.11 5.13 -5.24 0.68 -1.77 0.54 23 X Y 200710020651A 5.1
164.19 -48.53 14 3.45 0.72 -4.17 -0.01 -2.88 0.37 23 X Y 200710030143A 5.1
164.24 -48.74 18 4.17 0.52 -4.69 2.58 -1.71 -0.12 23 X Y 200710030332A 5.1
164.20 -48.74 12 0.68 0.13 -0.81 0.39 -0.36 -0.20 24 X Y 200710031803A 5.3
172.82 -41.98 64 0.01 0.48 -0.50 1.36 0.28 1.08 24 X Y 200710031915A 5.5
167.24 -44.71 19 1.24 -0.15 -1.09 0.07 -1.34 -0.82 26 X Y 200710151229A 6.8
167.25 -44.62 19 0.97 0.16 -1.13 -0.55 -0.99 -0.50 25 X Y 200710152128A 6.1
167.21 -44.59 27 1.40 1.37 -2.77 0.73 -1.81 -1.59 23 X Y 200710161638A 5.0
167.32 -44.94 116 5.83 -3.66 -2.17 1.48 -4.76 -3.90 23 X Y 200711291553A 5.3
164.27 -49.22 35 0.41 0.42 -0.83 0.54 -0.09 0.24 24 X Y 200712051807A 5.3
178.40 -38.92 30 -0.76 0.57 0.19 -0.06 0.21 0.56 26 X Y 200712200755A 6.6
167.00 -44.88 14 1.88 -0.56 -1.31 -0.34 -1.50 -0.97 24 X Y 200801201841A 5.6
164.03 -49.12 12 0.38 0.23 -0.61 -0.43 -0.71 -0.21 25 X Y 200804262334A 5.9
166.72 -45.56 112 -0.68 3.77 -3.10 0.95 -3.04 -3.62 23 X Y 200807120008A 5.2
176.91 -39.67 26 -1.27 -0.07 1.34 0.28 -0.63 0.65 24 X Y 200808251125A 5.4
175.88 -39.14 96 0.02 0.76 -0.78 0.26 -0.25 -0.04 24 X Y 200809010121A 5.3
173.89 -42.47 20 3.22 -0.38 -2.85 0.06 3.03 -1.64 23 X Y 200809242240A 5.1
173.95 -42.25 22 3.35 -0.35 -3.00 -1.52 2.63 -2.01 23 X Y 200809260723A 5.1
164.32 -49.08 38 3.06 2.23 -5.29 3.14 -0.49 0.64 23 X Y 200903141050A 5.1
178.58 -38.66 14 -2.56 0.88 1.68 0.86 0.72 1.26 23 X Y 200904081112A 4.9
166.26 -45.85 23 3.14 0.76 -3.90 2.59 -3.75 -0.03 27 X Y 200907150922A 7.8
165.75 -46.13 21 1.06 -0.00 -1.06 -0.02 -0.78 -0.09 24 X Y 200907160044A 5.4
166.36 -45.38 17 0.29 4.07 -4.37 0.79 -1.80 -0.45 23 X Y 200907161727A 5.1
165.85 -46.12 18 1.78 0.80 -2.58 1.95 -3.86 -0.11 24 X Y 200907162218A 5.8
166.44 -45.24 24 0.34 6.05 -6.39 1.89 -1.42 -0.68 23 X Y 200907170639A 5.2
166.42 -45.46 22 3.08 -0.04 -3.03 -2.56 -2.96 -0.48 23 X Y 200907181533A 5.1
166.02 -45.44 12 1.13 -0.05 -1.08 0.00 -1.41 -0.37 24 X Y 200907190511A 5.5
166.07 -45.41 12 0.69 -0.05 -0.64 0.03 -0.56 -0.18 24 X Y 200907190848A 5.3
165.67 -46.21 29 2.87 0.06 -2.93 0.70 -2.26 0.01 23 X Y 200907292042A 5.0
166.13 -45.48 12 1.07 -0.02 -1.05 0.02 -1.21 -0.40 25 X Y 200908050831A 6.1
165.72 -46.01 13 -3.09 1.10 1.98 -0.24 -0.05 1.68 23 X Y 200908171656A 5.0
165.82 -45.90 25 0.93 1.92 -2.84 0.38 -6.11 -2.07 23 X Y 200908250457A 5.2
165.84 -46.04 26 2.84 0.21 -3.05 -1.82 -4.01 -1.07 23 X Y 201002250438A 5.1
164.56 -48.71 30 0.88 0.11 -0.99 0.46 -0.26 -0.09 24 X Y 201003180624A 5.3
164.51 -48.61 22 2.01 0.81 -2.82 0.67 -0.78 -0.30 24 X Y 201003180628A 5.6
164.51 -48.62 21 0.65 0.30 -0.95 0.39 -0.33 -0.11 24 X Y 201003180642A 5.3
165.76 -45.91 21 1.85 2.24 -4.09 1.04 -3.06 -0.35 23 X Y 201003182129A 5.0
177.42 -38.96 33 -1.85 -0.75 2.60 -1.26 1.62 4.81 23 X Y 201007111323A 5.2
172.12 -43.56 12 0.38 0.01 -0.39 0.49 0.01 -3.60 26 X Y 201009031635A 7.0
172.28 -43.56 12 0.39 0.89 -1.27 -0.14 0.48 -1.78 23 X Y 201009061124A 4.8
171.91 -43.60 12 2.66 -1.88 -0.78 0.61 0.39 -1.60 23 X Y 201009061140A 4.9
176.98 -40.50 31 2.40 -0.52 -1.88 0.73 2.37 -0.92 23 X Y 201009062248A 5.0
165.04 -47.17 29 2.61 0.39 -3.00 0.45 -2.04 0.38 23 X Y 201010240820A 5.0
176.45 -38.24 150 -2.19 3.37 -1.18 -2.15 -2.59 -0.44 23 X Y 201101180845A 5.0
176.03 -38.49 159 0.51 0.33 -0.85 2.79 0.56 -0.54 24 X Y 201101271502A 5.6
172.52 -43.60 12 1.09 0.60 -1.70 0.31 -0.27 -1.20 25 X Y 201102212351A 6.1
172.56 -43.50 12 0.33 1.31 -1.64 0.40 0.10 -1.76 24 X Y 201102220004A 5.5
172.55 -43.50 12 0.03 2.12 -2.15 0.50 0.83 -2.00 24 X Y 201102220150A 5.6
177.92 -42.20 28 -3.11 2.32 0.79 -0.54 -0.72 0.69 23 X Y 201104070716A 4.9
172.73 -43.59 12 1.22 0.32 -1.55 0.41 0.82 -3.53 23 X Y 201104160549A 5.0
172.31 -43.56 14 0.15 2.79 -2.94 0.38 1.75 -1.44 23 X Y 201105091504A 5.0
172.31 -43.49 12 -0.03 2.41 -2.37 -0.30 -0.12 -4.15 23 X Y 201106052109A 5.1
172.62 -43.49 12 0.08 0.67 -0.74 0.17 0.10 -0.36 24 X Y 201106130101A 5.2
172.62 -43.52 12 0.30 0.55 -0.84 0.25 -0.19 -0.75 25 X Y 201106130220A 6.0
172.85 -43.67 13 -0.27 2.21 -1.93 0.25 1.45 -0.83 23 X Y 201106141827A 4.9
172.44 -43.61 12 1.15 -0.23 -0.92 0.15 1.54 -6.81 23 X Y 201106211034A 5.2
175.68 -38.63 159 1.17 0.79 -1.95 1.47 -0.84 0.39 24 X Y 201107050336A 5.6
164.15 -48.92 15 2.05 0.62 -2.67 0.60 -0.31 0.36 24 X Y 201110011054A 5.5
172.70 -43.56 12 0.71 1.25 -1.96 0.38 0.94 -1.81 23 X Y 201110090734A 4.8
174.08 -41.38 69 -0.62 -0.70 1.32 3.30 2.70 4.29 23 X Y 201112030619A 5.2
172.56 -43.67 12 4.36 -0.64 -3.72 1.03 -0.27 -3.10 24 X Y 201112230058A 5.7
172.69 -43.61 12 1.25 -0.34 -0.91 0.56 0.07 -0.57 24 X Y 201112230106A 5.4
172.58 -43.55 12 3.90 0.27 -4.16 0.97 -2.08 -4.47 24 X Y 201112230218A 5.8
172.74 -43.60 12 0.05 0.89 -0.95 0.32 1.39 -2.40 23 X Y 201112231737A 4.9
172.69 -43.53 12 0.74 -0.20 -0.53 0.26 0.08 -0.44 24 X Y 201201011645A 5.2
172.68 -43.68 16 2.45 -1.28 -1.17 1.34 0.28 -1.07 23 X Y 201201061221A 4.9
165.38 -46.62 19 0.33 0.20 -0.53 0.45 -0.75 -0.02 25 X Y 201201190648A 6.0
165.22 -46.64 23 0.62 0.14 -0.76 0.03 -0.58 -0.04 24 X Y 201201190901A 5.2
165.27 -46.65 18 0.64 0.22 -0.86 0.10 -1.25 -0.14 24 X Y 201201250602A 5.4
166.44 -45.23 23 2.02 0.15 -2.18 0.34 -0.92 -0.67 23 X Y 201203151115A 4.9
172.78 -43.52 17 4.58 -2.32 -2.25 -0.28 1.13 -2.70 23 X Y 201205250244A 5.1
173.63 -40.05 230 0.37 0.88 -1.25 2.80 -2.07 0.31 25 X Y 201207031036A 6.3
175.74 -39.11 104 1.03 2.38 -3.41 1.26 -2.25 -0.01 23 X Y 201207070050A 5.0
175.90 -38.29 175 2.29 -1.22 -1.07 2.07 -0.17 -2.26 23 X Y 201210150005A 5.0
176.12 -38.64 119 0.41 1.00 -1.41 2.91 -2.77 0.31 24 X Y 201210162342A 5.7
176.09 -38.51 134 0.15 2.20 -2.35 1.23 -1.56 -0.11 23 X Y 201210190642A 4.9
176.08 -38.31 165 1.30 0.22 -1.52 3.38 0.58 -1.45 25 X Y 201212071819A 6.4
174.37 -41.58 17 0.68 0.42 -1.10 -0.90 0.99 -0.23 24 X Y 201307182106A 5.5
174.20 -41.71 13 2.48 1.30 -3.78 -1.66 1.09 -1.52 24 X Y 201307201917A 5.7
174.17 -41.63 12 1.42 4.62 -6.05 -3.65 1.60 -1.95 25 X Y 201307210509A 6.5
174.32 -41.84 28 1.55 3.08 -4.64 -1.50 2.10 -1.43 23 X Y 201307212247A 5.1
174.29 -41.61 15 0.54 0.52 -1.06 -1.09 2.80 -1.75 23 X Y 201307281307A 5.0
174.04 -41.76 12 1.28 5.03 -6.31 -3.18 2.83 -3.02 25 X Y 201308160231A 6.6
173.93 -41.82 12 0.71 1.51 -2.22 -0.57 1.53 -1.05 24 X Y 201308160245A 5.6
174.00 -41.72 15 -0.68 5.17 -4.49 -1.37 3.91 -3.86 24 X Y 201308160309A 5.9
174.17 -41.76 17 2.73 2.41 -5.14 -3.26 3.47 -4.00 24 X Y 201308160531A 5.9
174.13 -41.68 17 0.17 0.92 -1.09 -0.38 0.60 -0.40 24 X Y 201308160655A 5.4
174.03 -41.77 19 -0.03 0.71 -0.69 -0.09 0.49 0.00 24 X Y 201308170858A 5.2
165.43 -47.16 22 -0.26 2.39 -2.12 0.71 -0.70 2.19 23 X Y 201308180446A 5.0
165.82 -46.02 20 1.87 0.80 -2.67 0.93 -3.01 -0.95 24 X Y 201312161207A 5.7
